Compilation Results:
********************

Test Input = 5 5 5
Matrix A:
9.48 6.49 2.62 3.53 4.83 
2.95 8.27 5.34 1.21 5.16 
4.68 8.30 4.08 1.75 4.38 
5.49 6.55 8.43 0.21 3.16 
2.31 0.94 2.27 7.74 9.98 

Matrix B:
6.00 4.62 1.37 2.51 5.27 
3.27 5.51 1.76 5.89 2.57 
0.11 2.36 0.84 5.46 3.58 
6.00 3.66 1.88 3.60 8.93 
6.26 9.09 5.49 4.69 2.82 

Matrix C:
129.81 142.57 59.76 111.69 121.16 
84.89 123.13 53.69 113.83 81.27 
93.59 123.20 51.78 109.75 88.58 
76.33 110.84 43.87 113.96 86.73 
126.10 140.26 76.07 98.40 119.98 

Correct!

Test Input = 7 3 9
Matrix A:
9.48 6.49 2.62 
3.53 4.83 2.95 
8.27 5.34 1.21 
5.16 4.68 8.30 
4.08 1.75 4.38 
5.49 6.55 8.43 
0.21 3.16 2.31 

Matrix B:
0.94 2.27 7.74 9.98 6.00 4.62 1.37 2.51 5.27 
3.27 5.51 1.76 5.89 2.57 0.11 2.36 0.84 5.46 
3.58 6.00 3.66 1.88 3.60 8.93 6.26 9.09 5.49 

Matrix C:
39.51 73.00 94.39 137.76 82.99 67.91 44.71 53.06 99.78 
29.67 52.33 46.62 69.22 44.21 43.18 34.70 39.73 61.17 
29.57 55.46 77.84 116.26 67.70 49.60 31.51 36.24 79.38 
0.00 0.00 0.00 0.00 0.00 0.00 0.00 0.00 0.00 
0.00 0.00 0.00 0.00 0.00 0.00 0.00 0.00 0.00 
0.00 0.00 0.00 0.00 0.00 0.00 0.00 0.00 0.00 
0.00 0.00 0.00 0.00 0.00 0.00 0.00 0.00 0.00 

Incorrect.

Grade: 0
******
Late submission: 0
Functionality:
Total: 
